function derx1=elsoderx1(x,y)
derx1=136*x^3-66*x^2*y+144*x^2+86*x*y^2+296*x*y+80*x+72*y^3+68*y^2-64*y;
