function z=fel(x)
z=34*x(1)^4-22*x(1)^3*x(2)+48*x(1)^3+43*x(1)^2*x(2)^2+148*x(1)^2*x(2)+40*x(1)^2+72*x(1)*x(2)^3+68*x(1)*x(2)^2-64*x(1)*x(2)+73*x(2)^4+424*x(2)^3+800*x(2)^2+9;
