function H=hesse(x,y)
H=[408*x^2-132*x*y+288*x+86*y^2+296*y+80,(-66)*x^2+172*x*y+296*x+216*y^2+136*y-64;
    (-66)*x^2+172*x*y+296*x+216*y^2+136*y-64,86*x^2+432*x*y+136*x+876*y^2+2544*y+1600];
